702331
001004
702173
800286
702094
800444
800652
701927
300190
701551
504051
200190
ZZZZZZ
800446
800638
800651
701934
300677
711093
702278
100711
bellco
800650
SILVIA
800415
710862
710492
701464
701415
701401
701349
701243
201602
201001
710668
701396
700271
701513
701478
701410
702389
200605
100418
600829
900551
300936
100343
300575
100149
701806
600271
100582
600550
600718
500709
600735
200113
600205
700158
300072
300363
702409
300401
800753
500138
900016
800478
300014
900880
100024
702458
100524
800421
200119
103633
100359
710305
100163
100887
200116
200519
702552
100325
700467
701372
200012
123032
100610
200523
301014
700839
600461
201505
100889
100388
800521
100628
700926
600235
504030
900825
701710
600547
100706
701222
300325
100584
600015
702891
123010
700445
700144
300393
200104
701548
600797
800888
500287
700727
300005
600587
701686
700444
300330
700157
200030
101301
700461
701000
504035
701202
703264
123401
100266
101298
710212
702235
300090
700391
300124
500074
700521
100372
711263
711352
701700
700802
201587
100930
100151
700723
710758
800324
700822
300720
711076
900892
700581
900947
701770
701257
700014
800138
701621
800222
300104
701591
700243
702160
100739
800169
300607
100284
700680
500128
700013
300298
300025
510003
800460
710351
800198
702069
702288
300919
300260
710170
710798
600267
501004
600888
300588
600266
710206
700499
700397
700245
700332
710377
300587
800909
300435
700008
700073
900909
300559
800063
710986
100784
701824
100846
800319
711080
500631
711332
500641
600109
300865
301020
400051
710894
700193
400632
711313
600622
500316
800292
800123
300619
800025
100727
600167
300899
800312
600005
100360
800602
600584
504004
710978
500788
200026
600659
500597
250001
500523
500045
100034
300496
200999
100033
100368
800441
300094
300280
500786
201607
200117
100670
710350
702242
701616
701680
302001
300650
700217
800258
710754
710621
701432
701149
300196
702032
600398
100821
600475
100690
100756
100957
100898
100861
600179
600026
800274
701794
701321
100246
100494
300415
100493
100916
100777
600222
900326
300029
710257
600589
500790
500706
702282
300570
900002
600628
710293
701201
710145
710822
710641
300007
900125
702150
710041
710055
600466
300468
700117
701774
703416
102555
100692
700255
600276
711047
300026
710250
701003
100275
710313
600987
300353
700797
600418
701079
701078
700815
504022
600502
701479
100785
702154
800591
900975
710208
600352
701763
800573
800934
900967
710185
701014
710596
711170
701715
702112
800557
710321
700572
600407
300146
701067
300236
500803
700496
710632
600186
700936
800508
710983
500875
100993
711267
500229
710555
500611
700714
300867
700274
100340
600647
300438
200017
701084
100171
800625
701508
800555
600422
700769
701468
300417
701103
710460
800443
800180
800456
702216
800255
701162
700450
710996
600334
701749
700703
711280
100674
600244
500088
100919
701854
100068
900997
500043
800142
710027
701638
701778
701145
700631
701867
500950
801116
500122
800451
700005
701002
100342
600177
710486
100788
701699
300400
600208
000001
200016
701064
701214
110101
300615
701808
701673
800200
701089
700891
701319
800483
500853
300999
300218
800604
100276
701087
711205
710417
702872
710898
701063
100104
700838
701939
100027
300540
800226
200188
701471
800087
800973
100522
100324
600280
600150
701184
800386
701466
800103
100960
900731
600464
100261
700953
100907
201609
701370
100858
600385
700001
500112
600325
600428
301032
710483
700717
600327
701127
900974
710304
600380
100608
900919
700545
700877
700187
100144
300198
800994
900001
800670
710493
701904
300311
700009
100862
800006
100287
500933
500173
700283
710850
700573
700731
600809
200934
700639
710160
201601
300322
300621
701706
201510
701369
200889
300227
500819
300215
700941
600099
100767
700730
300152
710267
710839
710476
701489
711265
800632
702104
900935
700896
504031
300487
900921
500411
700556
710933
710717
500178
600261
701782
600997
300371
101296
500500
710296
700872
700429
100504
100527
600089
800054
710181
701358
600113
600083
710624
702162
800156
100481
700672
600014
300719
700362
701644
100668
701658
100786
700232
700328
300294
800653
700481
800056
100257
702263
300028
800384
701056
800069
700172
200077
800326
800569
700752
800245
100859
300278
800433
100953
700011
500652
300680
700912
710856
100828
710154
710209
700004
600431
500825
201508
400625
700487
702129
710909
710853
500692
700258
800028
710639
701796
300186
800549
900549
300969
701981
500126
702888
700003
702152
710349
701718
700700
800366
300982
701189
800306
600545
700693
900951
800021
600793
300759
300561
900725
701262
500777
500285
300577
300405
800580
100023
600697
600033
800052
100613
701684
700110
600041
700954
500962
300460
100662
710161
600234
300228
700614
300988
701447
500953
800944
710009
710710
711256
710742
600335
400634
800529
300922
100696
703365
600702
700712
300275
300853
100955
900897
600157
500211
701183
200098
100747
701260
800547
100089
710714
100295
710527
300122
700707
300022
701873
800454
500656
702012
600831
700154
711044
400041
100092
700699
710318
701855
500695
701509
701797
800098
300024
100213
100090
700580
700433
100625
701310
500704
100759
100130
300666
500654
600322
300354
700040
100444
900589
100844
300290
701241
400011
100832
900930
300974
710623
710581
300579
400635
711010
600250
701059
701023
701579
300659
700428
711008
700762
700107
600189
500638
301036
710289
711068
701882
300221
600021
701786
300485
701919
504007
800642
900729
701152
201186
710600
500890
300320
600667
100535
300392
701547
301031
800945
300111
700091
600402
300159
700809
800389
100198
300368
710500
700973
301030
100689
711223
701642
800127
701877
600358
900895
701505
100845
710078
500871
100291
700938
800078
710863
710411
710205
310001
710065
710153
600701
710910
710382
711207
500888
701153
700805
201512
701889
500855
710499
301035
701229
701811
100723
100626
124501
900956
300224
711258
200805
700576
100550
100902
100720
100731
100903
500184
701982
800014
300344
300312
300906
600018
710340
300292
711140
700541
800406
200144
900111
600132
200053
600270
100058
710789
800100
700016
700567
300223
100838
100103
100827
711215
100366
900958
600413
100574
600554
400044
701039
100726
800655
701613
300416
500161
800400
100839
200163
600454
700227
700689
700980
700244
800520
710812
600001
701286
700568
600287
500675
700375
300323
711098
900946
800495
711086
711091
702213
700171
200019
100076
710178
702276
200118
710824
701306
300937
701896
300457
700528
300535
800490
700267
701413
600765
201190
711379
300411
100633
701892
701384
100456
701416
701354
702255
300723
701123
710363
400630
800030
702283
300721
300136
702273
300916
301029
600201
711121
500634
700894
700025
800008
500983
100387
800159
710235
711141
200106
710383
800545
701299
701258
701537
701047
700831
702050
710830
801120
100732
500155
703447
702114
700620
200088
701060
200085
900018
600405
710177
800388
800391
100968
201506
702272
800524
710384
100822
700093
700260
800166
710857
900008
700489
701975
711003
100490
100643
200021
300890
900828
710821
710557
200530
711225
710252
710782
800244
710948
710731
710047
300864
700864
200651
900932
900945
700728
900916
300089
500009
800077
100069
701380
701850
701901
700956
700382
700735
700623
300648
801215
701272
100323
300436
700495
701005
600029
500072
800106
200055
700348
300251
100514
702036
500612
300279
800259
200461
600072
701269
800948
300871
600597
710276
700812
200036
701016
400052
600384
701666
900949
710728
600441
800957
701098
710355
300349
711094
701575
701102
711354
710539
703309
711233
800985
300432
700497
701844
702254
701744
700636
800987
700480
710157
701732
710482
100358
710810
300032
701677
701586
701347
701071
300586
100512
700021
800209
100434
100074
300993
700783
700787
300924
300514
600695
600356
701158
702141
710104
600620
301101
701823
100824
701134
100698
900565
100791
800419
300128
600036
600037
100228
120016
600096
600055
600437
100996
600361
700169
600227
800317
900027
800196
100813
100258
100705
701062
900133
600104
800673
100082
700133
701365
600253
710404
300866
100457
600937
500800
500006
600943
600092
100624
702002
200056
700675
100247
700376
300103
100853
300000
500008
700320
710131
710659
300674
500375
200051
600343
800916
700295
600961
500104
101307
800535
200076
100025
702177
900911
702080
700440
100400
300995
300422
701070
702125
100974
711212
600233
701136
800410
100684
700447
800487
701626
300472
711014
800411
701909
710306
600636
700901
600476
200079
800284
701704
711105
710781
810004
100256
300212
500624
400018
201112
700840
800124
300529
300359
700548
701556
600188
701246
300213
300618
701807
700006
700764
701483
710066
300532
702107
600060
902009
710490
701364
500938
500850
100138
500685
100569
900004
100385
100382
301033
200121
700238
800396
900881
600081
700760
120002
500176
700655
710458
500860
711113
700437
300079
500861
300557
800390
711179
200061
100769
100585
700759
100207
701164
300002
710813
701147
701740
100877
700510
710301
700422
710278
400050
900365
900875
100596
700262
600522
301002
300882
710197
701561
100177
100891
300558
701283
300239
710088
710216
100733
710884
700883
711130
710107
700880
700988
702200
100007
600308
100199
702113
500699
100629
700619
701219
300324
300266
100483
100545
701476
300304
100780
300686
710320
710491
701968
800402
701295
800174
700774
100449
600516
711167
600100
800026
702043
700663
500648
201610
700732
710973
701701
200150
711336
710079
710945
710665
710579
701916
100814
504032
700186
700164
710766
800552
700741
800257
710410
701582
700129
710723
702123
700032
701033
600591
800372
100309
710467
710746
710649
600483
800660
711319
701126
100049
800380
711178
800224
700978
800147
301003
600138
200171
700026
711218
600435
701959
600073
700039
200122
100985
100888
200503
300187
100078
700617
701238
200526
100971
300507
301007
710640
700212
201585
800725
300288
710941
300372
710847
710518
700155
600332
701805
700030
700963
500525
200529
900960
100700
100755
700033
400012
125001
300983
201191
100911
100147
400016
123001
124007
600366
700940
710378
710210
600530
801105
500845
700837
700586
702168
800019
800361
710016
710877
600567
600727
900085
702070
800636
700881
100417
702207
701383
300009
701057
701952
701240
101300
700466
710017
800309
800381
700463
301028
701448
800304
710434
700286
710367
702217
701205
800339
700765
700484
600320
200176
500186
710706
701420
700037
800599
711307
800018
900922
701433
600355
800053
300737
710648
711146
100507
600811
300601
600776
600683
801113
702027
100278
800920
300107
710053
701230
800919
701482
710722
701298
600575
600569
710432
710439
710299
710332
700612
700997
710356
710465
700048
600051
800204
800968
800930
200038
701094
100277
700943
100168
800473
700353
800238
200086
600254
300449
300639
600611
800334
710036
701515
100248
600004
710376
600439
100531
711272
700210
300896
800752
300365
100657
701758
700456
700725
700634
600353
100885
200034
800606
500896
100437
900940
300466
500670
600963
700508
500870
710817
900942
500170
100549
100988
300034
500145
300972
100778
710904
700773
701174
702267
710774
710951
701423
711099
800607
711147
800151
701914
700531
800484
701352
300443
100645
701386
802208
701019
600240
900885
711054
800972
800924
701821
300038
700659
710270
701284
600024
600842
200062
710446
100185
800472
701534
710135
300117
710740
100004
800417
100789
500632
100315
600102
300863
100534
300375
300234
800560
700810
800115
701781
300203
600341
500091
100187
300600
300445
600103
700297
100881
500146
600232
703306
701997
701251
702128
300555
100564
100975
702145
200162
300039
600638
200956
711279
100627
700782
300036
200005
600182
711283
600263
200137
800620
500857
300548
710546
800943
700313
700240
800338
100581
800216
700329
702005
100730
701309
700287
900912
100459
800237
700410
600344
400000
100933
300192
300040
700308
300951
200506
600640
600106
800266
710018
800265
700145
701759
800043
701280
701428
100380
300037
800489
800418
710828
300897
700660
200074
700384
800504
800619
800058
100921
701275
700873
800236
702857
300374
300191
800383
701221
900971
600331
710606
600249
900918
711297
702280
200042
200037
100253
100346
710231
800045
710571
701236
701194
710013
701836
701287
700277
700509
711032
710787
300571
600561
710522
700346
800940
702055
710520
700314
500082
701486
710219
100094
711040
300255
710577
300606
900902
100392
500067
710461
800628
300484
100779
100992
100917
711187
900931
700160
810005
600064
300035
710553
700153
801255
710381
800104
702011
702061
701187
700453
300341
700042
711132
800183
500761
700982
100131
600680
100041
200115
500802
100077
700029
100793
702087
100954
700050
700569
701739
700047
600215
500040
504026
700800
710268
300078
710015
700779
711338
700654
700315
700294
600684
800979
701292
900819
600298
600393
600375
100166
600379
711088
300434
100345
504034
100326
701472
710575
300940
100682
600630
702119
710163
200073
710768
600279
711347
700203
711294
701119
100223
710179
600564
700575
701165
701514
100040
500166
500643
600071
100715
701932
420000
711034
702042
710720
702074
701908
300442
100546
100221
711240
701277
200007
300356
500644
300127
300939
600140
710588
800595
700372
701336
700159
701207
700745
100401
710691
800969
710221
900821
300593
700939
600652
701034
100312
800605
300149
700847
710625
710819
711206
300798
301015
300451
800119
710325
300134
701175
701587
100189
710263
711221
600162
300137
800993
100112
100940
100989
101306
701018
300163
500689
100819
800492
100475
701756
504029
300388
100578
702088
702008
100458
504017
700564
100299
711226
300725
701843
900976
710006
800616
710495
700945
800509
400048
100630
700052
300957
300900
701341
600752
500268
100897
800039
100428
700253
800282
100807
900889
100334
710526
600457
710670
200178
800333
300188
700102
701652
800903
124500
710786
710190
700857
300578
800323
700845
801250
800464
700818
700878
300286
300109
701656
400642
700585
800297
700221
711255
701629
600613
800293
800337
100734
800517
701088
800285
700063
100344
701907
200524
100808
200112
710567
710925
800629
100841
101002
500686
300204
702215
701606
701097
702035
701443
700643
710981
300296
700990
300256
500073
300912
300985
300233
710198
300991
800626
200027
710997
701869
300108
700290
600310
701215
100623
800621
702100
702359
800498
800000
300351
100833
600300
800485
100096
710927
800160
700836
700302
300482
300752
800986
701032
701363
100772
800060
800590
711344
710899
710848
800429
710035
701951
710433
701858
300955
710075
701213
800364
700318
900988
700502
100232
201813
500035
701474
700392
400639
123002
700251
800287
711007
800397
300361
900973
700816
800983
800585
700720
600391
702098
701163
701276
700874
710031
801112
700405
711004
100702
710942
800256
800931
800321
500160
800137
600529
900894
700076
701252
711188
800528
800347
800571
100760
700813
800110
300599
600348
710326
300498
600737
800600
710058
710048
700860
800617
900130
710372
711288
700514
800465
100910
600349
500629
710400
900999
300662
300179
800974
701015
710034
710907
710272
800990
300031
710012
701530
100650
100763
701713
710930
710681
701625
300131
701884
700882
710724
800376
700055
701155
205602
100062
100048
711248
701993
710514
700316
700817
710968
400039
600195
800615
800933
710064
600544
800918
710130
711214
710566
600977
710394
710099
300927
711363
500917
800382
100328
700597
300479
600952
700709
301105
100381
701532
800145
900072
600677
600255
711271
701979
701546
300042
702212
500797
200054
710148
702135
900929
702072
701418
710718
100181
701157
300533
701461
300486
710834
701480
800184
701585
702045
201812
300560
900996
100973
100947
701538
701339
800978
710143
701160
800462
711362
700987
500872
701010
101295
800949
710888
710201
900073
800027
800107
600374
700808
100267
710663
701563
701075
700825
701086
700959
400002
710083
500068
700826
100836
600833
701887
800991
600648
711025
100272
701946
711090
701757
100644
701225
900966
701697
800311
701731
701022
700644
500102
800596
701371
400006
100393
500852
300502
710721
700550
710415
710519
200157
800645
800374
700842
710435
800261
100642
300252
100735
100575
100740
900777
700259
300717
710552
201806
701043
710474
701738
100182
600954
710559
700413
300934
800511
710126
600077
800664
702202
700459
701632
300722
701594
701391
710105
800189
800348
800253
200108
710563
700711
702400
300201
710554
711253
253500
700085
700207
703260
500794
710129
711334
700867
600206
100355
701902
100403
600724
300788
710959
701859
301011
500596
600621
700530
300967
500071
500087
800505
700170
700222
700237
701048
700916
701705
800033
100787
900981
800713
400025
711136
100959
701300
800067
700341
200152
300309
701112
800199
700770
711287
500897
800426
711087
701106
500880
700633
500108
700755
100709
500020
702121
700897
300657
900915
504008
701421
300636
300795
711232
700606
700409
800062
701353
700981
300553
701028
701026
800592
800195
500707
701301
100857
701555
700465
500783
710932
701698
700892
100303
700767
701617
701524
500787
900953
200078
701827
701872
700278
702180
500645
701346
701762
700292
700961
700066
600365
710389
700299
800546
710323
710401
800513
700101
700068
400030
701852
100222
300891
700589
710629
700377
120005
900555
140002
300176
600668
100245
702683
100840
800135
700964
300870
300878
711052
100042
710233
800084
701234
900964
900034
900046
701387
300189
100300
300044
100533
700130
500988
900035
300141
702103
100636
200181
700122
800194
300604
800353
701138
710759
800611
300043
710335
600164
100029
100638
800630
702219
711330
700216
710140
701885
700713
800340
700598
701323
800157
500639
100133
700246
300707
100611
100464
500110
700553
710440
100528
900904
800439
400633
710279
600062
500961
300925
100867
800252
600169
700827
100367
600181
200083
701436
100208
800201
600451
300705
100665
700027
701696
710854
300880
300144
300729
300250
710953
100895
800351
300343
700418
300826
700430
800248
201584
500811
710207
700505
700378
711211
710234
900992
701481
711244
701011
600458
100949
710750
900009
710809
710700
710961
710727
710687
700479
710084
710139
702279
701526
300749
800038
700393
800023
710902
711036
710725
301016
700065
700913
700250
701581
700522
700609
702093
710855
701841
300747
500070
700213
100701
700069
300679
300616
701935
711182
600123
700296
711084
710999
711184
100555
100932
300942
710437
710697
700248
300232
800010
800435
710285
701921
700072
100896
100508
711174
710238
500389
600151
701377
701812
701728
701317
703254
300489
701356
710136
700829
300716
300367
800230
300373
300526
701487
100095
700629
701995
500189
100547
900972
800637
700491
701473
500002
100156
100640
500190
710187
300247
123014
800452
300901
300391
800089
600810
701502
710022
701083
700784
300364
702174
702249
710540
710767
711019
701826
600161
701662
700708
300964
711158
700311
100236
300241
100513
700198
711176
710448
600590
301010
800977
700998
500613
100587
710734
300161
100032
700716
600633
702286
710713
701795
300503
710505
200901
701725
300886
900204
600618
800544
200128
800050
800064
100109
710116
710316
100194
800301
100635
200125
400139
100511
600135
700178
600558
500026
701559
100183
600498
800385
800533
702157
702155
300541
701462
710631
900968
100460
711224
710159
100002
800128
600262
100842
700322
200520
200127
120006
702110
700140
701204
800992
100964
100963
100086
100229
800398
710456
100588
701151
100157
710438
300327
100320
800593
711321
710137
504020
500680
700241
201202
800289
300412
100145
701845
301037
600190
100884
504010
100233
100180
100646
700381
300410
701117
300385
711055
100632
700385
300348
100631
800631
701176
800185
710466
800657
300765
201209
600248
701458
710152
100928
701305
600223
800036
701021
710672
600368
710908
700921
700086
900014
800197
800203
100167
100116
300626
702291
201807
710802
200095
500047
701848
100541
300620
600595
600350
200109
300017
711217
600771
701025
710990
200161
702259
500623
702001
900225
500487
100904
702804
300099
200096
701402
100142
500297
701791
600329
300537
710334
700108
700646
700676
600070
703210
700915
500969
510001
701373
800214
800264
600283
701375
200185
500810
400626
800240
701065
700493
300300
701320
100886
500806
700349
701457
600264
800608
702108
700403
700369
600574
600655
700789
701496
800171
900908
702181
701918
700658
800093
701452
700678
300475
800172
701192
800882
600247
100506
100526
600577
600012
100429
600003
701495
700254
700924
701029
800463
701674
800941
710873
701073
710026
711016
711169
711203
100816
710795
702144
702071
700696
800996
700587
701312
701224
710168
201662
702863
710939
702037
702067
600826
700340
710685
710117
710771
711216
300877
800516
700345
710816
123013
600252
600346
600213
600149
710375
800392
800379
700282
700380
710617
700469
500628
800474
800486
710405
200967
100570
711369
200149
100399
700947
300984
700546
710769
701167
701527
700859
800168
710156
300623
710253
710823
700020
701114
701053
710695
800459
702151
710487
701181
700661
711053
710903
710507
710436
702077
701989
500687
701038
500651
100017
800150
800161
710508
801000
600562
700075
701999
711151
701637
600624
800647
300992
600950
500851
710667
710149
100594
300156
800291
710182
710826
701095
711138
701342
600278
100210
500912
600598
300470
701717
300048
801125
710985
711196
100952
600129
702196
300920
703103
200140
710913
702139
800263
300979
500165
701831
201208
700079
700077
100606
701600
100281
800300
300151
100159
600044
701144
700743
701291
600689
700166
600165
100297
800327
600246
700084
100647
701161
800328
500222
100943
701128
700684
800307
210002
300970
900822
900954
200014
500741
700218
300433
800667
701819
300269
700136
701970
700594
700559
701399
500421
800548
100979
700125
500688
800953
600935
200041
701367
300086
200998
400014
600394
710502
300313
711171
100301
701913
701054
100521
800656
701442
600085
800614
710014
100697
100831
504041
200905
711293
701085
701285
500134
700151
100667
500171
500094
600126
600766
300959
700455
100132
701866
700671
100771
710414
800424
600757
710871
300202
700889
700579
100365
710669
500123
700270
500107
300307
300308
300306
700670
710396
800404
100946
710963
800594
500174
710920
500858
701973
600111
100075
201670
900131
100160
701264
600692
711045
300932
900987
701281
710150
100743
700861
700081
701197
700683
200008
700036
701991
500098
800965
701888
600480
300522
700080
700028
100864
500878
710155
702193
800136
800643
700635
100128
500622
800143
100614
301018
702041
700538
800479
900722
201509
301027
300527
710537
701681
100515
900728
500627
710583
500903
703491
700543
500132
702009
701388
800537
600660
600978
600075
300624
701507
600608
700343
400001
500725
701068
711139
700527
700721
501001
600141
100651
200893
600453
700682
700906
700082
600691
710265
701345
500069
800315
600323
300875
900077
100361
500799
300494
500796
800759
100311
300132
701058
100620
400728
700902
100155
100950
100765
701942
100378
100238
100220
700078
710338
300170
100616
701267
800960
500169
701453
701539
100573
100944
900943
600473
800527
800674
300148
300426
300268
100938
100948
700083
100373
100931
600063
100615
500960
300726
600265
701315
800109
600449
710773
300655
711154
800665
710962
700948
710982
500296
710506
711027
100599
300704
800550
711323
711266
800105
711056
700339
703269
500655
500117
800468
701188
300030
504027
300274
710441
500115
300609
700230
702105
710976
100901
702852
300854
600216
700737
100977
300162
301013
800125
701316
700993
300480
700795
900222
800352
700903
600389
800246
500181
701322
701945
702092
900985
300694
700476
100872
800175
300259
710586
800634
700475
700094
711219
300696
300627
800959
310005
600328
300961
600556
201127
700729
100906
701211
701361
700095
710831
100694
700738
700374
300340
710300
500259
710666
701400
800331
400031
700518
701651
710360
701542
500673
701368
710315
711031
703042
701470
710543
100470
300183
100717
700775
300702
200120
702062
701351
710517
100395
500804
100775
200136
100556
100538
701752
700599
600955
600296
700662
702153
300180
700357
300318
120008
701249
710851
300210
702066
701521
600850
710225
702234
600676
710646
100679
500614
300050
300257
100454
400623
700951
600541
900905
710049
710616
711317
300164
600609
710295
800227
701168
300165
200070
701635
701891
710294
300738
200066
800094
500862
710236
800572
701748
100958
700454
200069
600273
700777
301009
300398
100115
600678
700293
801207
710651
800187
700701
800942
100817
300267
700934
700462
800982
701751
600148
300207
701129
600293
600303
600470
710806
710353
710120
504013
100995
701750
700668
700909
700652
801115
100855
700785
700138
700506
900896
100193
300753
700932
700791
710029
710449
700471
710228
700434
710987
711017
711360
710223
711197
300902
900899
100108
300314
711065
700570
800466
710971
700234
703277
710240
800035
700478
900056
702178
500412
500854
800408
500162
701179
710694
701491
300297
700386
800165
800661
702187
710844
710936
701878
701837
710657
900970
711041
800294
500780
800586
710799
710008
201189
100882
100329
701141
500658
800952
700344
600699
701297
600642
700427
710044
800556
701933
700150
801111
701424
700949
701765
701940
100681
710097
710416
701017
710229
710032
800431
711153
700406
901007
702134
700284
710589
711325
710459
701290
100890
100196
800013
800370
700263
700739
700064
702033
600225
100209
600357
100363
100364
500058
700490
100451
701864
300664
500678
710412
100486
900007
200167
710876
300654
700337
710387
701200
702358
710549
900831
710944
710704
500013
300881
710866
301107
701115
300973
300631
600372
300441
300326
100498
710364
300883
100621
201582
100308
800092
201511
800091
702172
501005
300760
701439
100612
701337
701242
200100
701334
300387
400007
300952
100597
700368
702084
100120
702111
700608
500027
600705
600415
600585
310003
710702
710217
701828
600753
500827
800551
702258
201820
560243
100293
300338
701485
800111
500640
800017
900944
200779
800260
800412
800497
800658
100327
800243
701639
700389
300471
201891
800932
700603
700088
600105
500821
300625
100129
310002
200035
800277
600459
710512
703490
800553
100876
100801
701348
100298
701943
300386
600504
600450
710582
711210
701633
300617
100335
100020
701721
701930
100804
300517
300684
300424
710793
710636
600429
100282
710039
701659
700718
300511
711315
701366
710199
300859
700850
701810
700641
701296
100492
300088
800193
701376
700473
600277
301106
100540
300171
100749
711324
700485
300921
500708
300888
701233
701459
800288
102502
800758
900933
300971
701061
800097
700421
711165
700321
700432
702076
701077
100577
710642
100019
900138
701378
710230
300474
100736
710980
800217
700904
600484
710705
700565
710516
710711
100981
800955
600007
800428
100442
800116
300439
123403
701768
301017
600599
200111
710147
600519
702238
700778
600046
300263
701531
100576
801107
710303
700190
701412
700914
800051
700127
701646
100811
700401
200089
800048
700972
600579
700058
711059
700920
710615
800032
701329
710521
700944
701580
504009
300910
100982
900134
900500
600058
300121
100286
800130
710106
300409
900993
711009
900939
100211
100796
500681
710269
700625
100837
800947
701282
701172
500125
301100
702233
701096
700347
100219
300174
900948
710322
500620
300199
800181
100875
600601
600313
100064
101308
710115
200130
300683
700446
700792
711209
710423
710086
711081
710366
711033
200092
100812
700544
700043
701804
710172
301012
701170
702142
700819
701910
800496
810003
711057
700843
711073
702715
500669
701678
700202
701604
710891
800659
710993
500784
710984
300544
300242
100592
710650
800984
710803
701954
100250
100991
200060
800108
710869
703201
711208
800938
700438
800112
710805
701554
300013
400019
700788
701259
700504
700185
700242
700989
710524
600226
600508
600299
600291
711021
300703
101009
600336
701568
101305
701570
710664
701528
201566
710068
100191
100169
100192
100249
100231
800003
100127
100097
100241
600326
300331
100230
100565
700627
100134
710952
711058
710082
702170
710751
701132
710644
710674
710292
100412
800305
701456
900012
100468
710344
600294
700097
500258
600147
600031
800007
200059
200024
600006
200029
800254
702244
700977
300216
702451
800430
300656
702203
900934
800061
710940
701516
701615
710928
300499
300550
300463
800437
701925
700024
700971
710113
701121
200028
400003
701747
800393
702211
701403
701923
700965
702023
300950
600455
700794
300641
800915
700886
300633
701815
200890
701173
700552
900923
701724
800295
710369
700681
500055
800405
711341
711189
700753
200160
102509
800921
701180
711284
700744
300408
600686
710580
700355
600237
300229
701355
701231
701614
710362
100850
711213
800512
300142
504028
800186
800276
600122
300428
700766
100450
701393
701359
300611
400049
700536
702048
701722
900721
800170
300337
100377
100289
701868
700734
700425
300898
700952
700359
700577
900013
600315
800922
120009
300673
701139
800122
300222
300346
500697
100568
100015
100098
900595
900649
600097
700736
100473
300518
504024
500606
100052
710361
300310
700780
700871
300464
100714
100426
300120
701308
500198
800536
124003
300917
300390
600605
300614
900003
100000
200502
500633
801110
400641
710590
701767
700592
800722
700905
710291
710248
300125
701623
300746
710989
710222
800132
700771
700143
500822
711242
710532
710076
100927
710215
300691
702099
701248
701394
902008
701519
702130
702149
702179
701671
701497
710280
600056
700928
700363
100125
200063
800041
300478
701328
700651
100101
600101
600207
800281
701111
701753
700726
600411
800325
100487
701434
710241
300634
710010
200047
711238
710837
701335
800574
700494
701454
710680
600309
900941
800477
800558
900867
300688
700219
800356
800081
900642
711356
600825
800176
710501
700835
710407
700412
900215
200139
400624
600672
600440
710481
710762
600479
500086
100420
600923
711277
300056
500197
700960
701936
900928
711173
701655
701802
700814
710956
710246
711264
100226
701500
504001
100746
701357
710652
710271
700793
700820
700888
710551
710515
700015
710138
710599
710709
800589
701675
700930
800373
700000
800394
710283
800523
701082
700529
710929
800500
800584
700957
700464
710224
700554
710779
710764
710622
710030
711029
700188
300253
700757
700400
700279
711102
701883
800581
800059
800037
100461
800436
500608
500616
600521
300510
700342
100673
100505
700781
800273
800040
500118
100430
310006
800956
701518
701044
711111
100405
201660
300052
701324
710796
200155
700908
100439
100111
300448
303001
701847
600581
600028
700647
701092
300139
701050
800241
800359
600302
711108
500791
710548
700876
600387
801109
600117
300506
700285
100800
711270
600019
600538
900028
100768
701776
600142
600256
100113
711043
710108
300861
701683
701961
711177
800395
700235
701131
200154
711175
711281
710892
100745
701046
800242
711186
710597
700918
711259
801254
800570
800318
703357
702248
711162
710654
900925
700694
701560
710679
100815
500682
100994
701069
100883
701605
500679
100476
200131
701960
701484
701777
700664
701268
100856
700665
700666
710188
600840
800046
710128
800349
100200
300493
700408
700023
701171
711345
100972
710290
100566
710025
700517
500901
100016
100914
100496
800095
701146
100463
100216
600500
300018
101297
600059
501003
800427
300933
701645
710379
800158
700595
710870
504058
700273
701235
711066
710541
701130
100154
500016
700335
711078
600282
600095
701397
700976
500164
700181
600039
500637
701783
123036
600614
700862
700537
300857
710872
710658
701650
800268
701880
200045
300750
300628
701569
711006
300585
300730
600927
810001
710314
600560
300377
702441
300935
711296
800910
700449
800995
711046
100843
711122
100900
701467
900914
800223
710510
700929
700657
100304
711275
711039
800290
710550
800469
300054
100370
100333
500079
100254
300735
500049
701250
700615
900989
300406
900159
300360
100598
001002
710747
800622
300283
710242
600022
900010
800951
600035
100141
100737
100753
500291
400053
400712
710174
701195
100067
700622
800494
700756
700458
700448
100593
711097
300315
300450
801252
500700
100766
400035
100152
100762
700911
200006
100148
100502
700863
100243
700118
702010
701689
700206
201825
800345
200033
800449
500298
500650
600478
300355
711346
710879
700994
710686
800721
100572
200509
100203
700742
200064
500369
500077
100809
710247
300929
600460
900577
300173
300800
703461
701343
100338
300068
600154
300685
100331
701972
710760
500022
810006
701663
700236
800582
800316
600080
600078
300885
600119
500703
800329
300718
800118
100748
240001
301104
500036
800134
701746
100878
100691
200146
700539
710950
702024
700191
300552
700561
701049
700516
500625
701024
701419
100227
100389
400043
100600
300862
701630
800902
100161
700692
300302
900937
600359
300989
800239
700089
100939
800375
702186
710633
701008
701451
600465
500895
700352
600417
500109
701278
710095
600553
100206
300926
710227
710211
901005
201811
800914
100602
701657
500156
900033
900983
800079
700096
700758
700868
800669
300646
800346
300305
701787
701601
710605
800598
900995
711072
711028
500636
300583
800114
700115
800457
700866
300990
100139
710333
701573
700969
701148
701593
800133
702243
701385
100873
100022
800899
400029
100849
700870
700804
500187
100915
100479
201817
600505
100617
100660
100879
701780
701330
710620
800387
800603
100561
100965
200058
800202
701553
500701
710807
801206
300608
600812
300481
700224
600317
700288
600134
600506
600471
600152
300193
700404
600600
701920
600367
300055
700761
701967
710815
100316
711327
300200
700199
700289
100137
700669
500083
711155
100860
100880
201002
400037
700879
701825
200004
200015
400550
100480
100474
100693
100652
702290
702224
600673
600583
600685
201816
800005
135001
100721
600703
301024
600681
702396
301005
300591
300589
701846
300755
100554
300651
300724
710298
100322
400010
500954
300437
700354
200895
710653
500975
900011
100237
701874
710926
300595
600845
500059
600337
700525
701938
100537
100530
800917
700887
500642
200528
200894
701557
701426
504042
200166
100009
600156
100265
800778
700686
701488
900132
400005
400032
100637
500986
100604
240002
300378
900887
100057
300394
100719
600285
200129
300907
700975
710085
200094
710755
710761
700351
600728
300446
701177
701325
300692
700333
701525
710626
702159
100455
100951
700610
711030
300289
100153
300182
301021
700436
800206
600507
100761
300915
600274
900891
703245
710744
710637
800162
710003
600951
710023
701661
701948
500157
710488
710232
100918
710352
600268
500141
710463
800958
600025
100313
500618
900952
600401
600487
701107
100302
700562
100390
400027
300868
711018
800173
600061
600896
600419
600301
100539
703435
100580
300057
600145
702124
800928
100341
300598
710093
700114
101304
700361
600494
800144
300060
800470
702026
710171
702146
701499
300490
800212
100595
800250
800267
500911
710885
300166
300102
100773
500017
711241
100140
800499
710133
600016
711168
600629
100124
710676
800357
701232
300413
800471
710281
711180
702126
600639
300058
711118
701081
710173
701333
710330
711137
600115
710833
701871
701610
700116
500139
500119
800609
800901
800612
700893
100146
700201
800488
100214
100107
100472
100792
100666
500015
700590
711252
711262
300381
700452
701835
500051
504005
600258
600688
800587
500188
700358
700935
600586
900955
600049
500413
702065
300339
600704
200746
800154
701274
702017
710428
100710
701314
700846
701790
711194
711204
300135
700824
710067
500056
701727
900906
500600
702049
101010
710958
400627
100920
800153
800923
800219
600125
710402
100805
100283
710424
100622
700492
101303
711159
300546
105200
701669
300194
700196
800371
710056
800937
600153
711079
700991
711075
300958
710529
711112
700698
701091
710468
600433
710144
600395
710886
300177
700053
700379
700667
701969
710186
700740
710478
300153
504039
710112
710598
710243
800475
701729
701042
500807
710921
300404
600124
300059
800936
800247
100826
701293
800911
500192
201517
701255
100851
600139
600017
710464
500951
600623
701990
500136
100305
702122
600068
600178
710479
500936
710688
300423
700532
710114
800332
200000
100030
800432
600438
702028
700501
701703
701178
100688
200123
800270
700443
100224
600780
100432
705001
100678
800777
300145
500991
701492
710397
701036
300321
700798
710992
500610
701446
100398
100402
711172
600552
500158
200148
800543
300928
500064
100998
200900
710995
500177
500121
300082
600854
300580
300469
300953
300147
710373
300855
600959
701142
701900
800262
300977
700424
710273
400628
710726
710193
700184
700968
300160
600448
701928
800358
300295
710609
710339
650001
710331
700754
700498
701220
701477
710203
701237
700370
100503
700180
300860
300140
711015
100567
100431
301108
600354
702426
701101
300261
710354
500054
600568
500041
100414
100416
900990
800912
710825
700611
100934
800057
200151
710838
800635
600204
100517
800271
600069
701695
710087
700371
600155
701437
100997
701799
120007
100781
800280
200075
701789
100262
400629
710875
700747
800476
900356
710860
300653
701218
300986
710151
701382
800101
100443
710846
124002
400020
100307
600456
500106
701964
800967
701712
700334
300370
700441
700226
100336
800131
100641
300667
701381
701720
120018
300243
710607
300455
300567
600443
710175
100212
600400
600319
900980
300473
300382
111123
100423
600171
500808
100371
400638
200189
600010
701817
100059
700830
504036
100523
600467
100871
100854
600360
300904
900005
100045
100708
100913
100794
100967
100375
800416
400021
200025
100240
500956
701313
200091
100415
710591
300287
600482
701523
701080
710214
710080
711095
600172
300219
800539
710284
710158
711185
300345
500185
701404
701809
702078
500942
700256
701541
500615
710380
700855
500965
100560
100396
100669
600390
600312
600043
700304
200011
100661
300238
700710
100797
100337
200522
600414
600499
300020
600351
200032
700626
700950
600383
500001
500025
100173
303000
701006
100639
200046
500898
300665
701510
700111
700584
100274
700690
500159
700551
600566
500215
100548
300116
701247
100053
100542
300123
300492
700632
700229
710977
900869
200087
200039
700578
701558
900991
700257
710127
300225
500105
300016
710457
800234
710070
100909
701564
711378
600481
100121
800728
700147
600118
710357
711161
100758
600199
300647
710893
300262
300328
710358
800561
600217
900287
100438
600079
710007
100559
701227
124005
300133
710843
504019
123402
700602
100802
200825
701271
701565
800962
710535
600654
700472
600269
711202
100603
800360
500075
701726
100332
800597
600555
900927
100063
710324
300427
711013
710914
711181
711042
701110
711268
800341
710180
700848
710259
710561
300884
100519
810002
711103
700128
800155
500952
700303
711234
300454
400026
710183
701093
710630
300248
710328
800413
800231
100419
500809
100352
100536
701490
100544
700832
900779
701545
710776
100294
702862
800399
600795
702176
500674
700618
123020
700673
710317
300205
800954
700177
700106
800481
700074
700841
700884
710337
600911
800559
700605
300376
700416
600570
300596
700910
300713
700649
300965
700231
710998
700252
500063
300893
600242
201810
701734
700751
300453
200097
300004
702018
800939
800623
700182
201815
800235
800610
700996
800085
701504
800577
300569
702939
710213
700630
100425
300763
700856
700890
300431
700482
100782
600052
700806
800409
900910
700799
700601
800233
710302
100350
500037
100354
100518
700925
701672
701030
700383
600788
600084
800445
100716
710346
100830
900936
800447
701640
701987
800140
700923
300264
900950
300211
200164
300265
300918
700691
100658
700844
710788
701429
702031
700970
200043
702182
500137
500053
700176
702274
800925
710763
100038
100421
500646
701279
702056
700192
100659
711119
600009
800082
701702
711229
100477
100119
100990
100591
710451
710090
710059
700558
702221
710943
800935
701853
701460
710628
800178
500153
701311
100936
710511
600173
900901
701665
800249
711274
701875
900994
710282
400017
100178
400024
600777
600510
400888
900907
300456
300284
300098
701338
710765
300226
500560
600281
700555
500135
100488
600311
100269
100485
700833
100070
100899
600032
100680
900599
200899
300169
300270
100590
100980
700366
500150
800554
710021
600286
500931
710905
500660
800624
300543
710165
710858
701137
710684
700582
300663
701886
800975
800344
710391
710960
701592
100672
400444
200067
200897
300488
710745
500823
701210
100453
700899
700365
700640
700535
300661
701465
100543
701475
300379
201507
100410
100663
100607
100835
200044
300101
900862
100066
100170
600525
600409
100863
100874
200368
100970
100654
100099
710413
500028
100422
100279
700637
700803
700854
800649
700119
100699
800365
600548
800458
710484
800205
600257
702020
700650
100330
100552
100520
101299
800563
800998
100003
124502
710164
201513
710184
300155
600091
710445
701905
504025
100525
500868
600720
700560
800564
100729
700468
100563
800663
700419
800228
701066
700642
500812
700790
200103
200102
701707
710861
710262
700092
701984
700205
100601
600495
700390
600617
900888
700123
300077
700396
100529
100583
701733
701190
100408
701390
300369
300334
700571
100255
703297
500127
300067
600333
600198
100516
700645
710716
600973
710118
701584
800220
710922
100391
100285
100776
300358
701788
700442
710307
711365
300414
701647
700607
702058
800314
100260
201502
100441
200080
701730
100509
500981
702237
710601
710698
710195
100118
710309
600835
100411
200193
500078
300430
900917
700364
600396
600065
301004
100273
100195
500966
300114
900886
600859
600892
400829
300237
500924
100848
300876
700326
300197
100703
100823
400186
500676
300938
200071
100106
300642
600444
701438
700261
700958
701340
701122
800519
702044
100081
500899
700360
600509
300342
100314
801108
600324
201100
701576
100351
700962
800988
700012
100941
300520
700540
700588
700336
600514
400023
702118
300178
201819
700931
702127
309969
100436
700695
900135
100205
100394
100424
700483
710808
800211
500225
600305
200105
600362
800501
701773
701020
710896
701628
300119
100054
710258
711106
700407
701506
701208
600158
710191
800117
300357
711129
500805
710388
701449
100675
100356
800218
800269
700264
701405
300418
300419
710453
710371
810007
300556
701239
300512
500099
500100
300905
900006
100296
700173
700533
800964
701897
700547
701108
500030
800480
801256
800515
700367
100469
800963
701517
200110
801104
600657
100942
300960
700059
500179
600669
700105
300138
701037
701090
600196
710166
300515
500683
300976
600533
710743
600817
600573
500621
100347
701922
800716
701676
100404
100912
711104
700995
700233
500626
901008
300530
100073
600716
701109
500012
600627
702931
701463
600436
400136
701307
800802
300519
700628
510002
800012
800601
300524
710699
700200
711361
201126
600339
700215
600295
710004
710343
702257
702096
600404
300563
901006
711303
100110
710297
300335
800641
500060
300285
800927
600747
300096
700807
711142
711024
900978
702047
310004
600297
500154
100744
100339
200902
200200
500065
100357
600345
300403
900986
600698
100922
500922
701737
700165
800542
100447
800403
200018
800999
701318
500101
800450
700220
800070
701540
800177
700922
300462
100072
300513
300652
600496
300872
700534
300350
300914
500649
300658
100558
600477
600503
100005
600403
801257
100945
710074
700312
600013
800482
500133
300962
100397
710949
210001
512001
412001
500659
500617
300303
701409
100176
700549
600442
300172
700621
710638
600612
300682
700268
300712
300594
710503
300714
710398
800671
500856
600607
300740
100738
100317
701511
500894
200072
100348
702039
701577
710399
701566
600067
600486
300384
500694
600615
100413
702209
701266
701182
800213
701660
700685
600559
701694
710327
700249
300112
100510
710584
600827
100234
800422
700917
800313
100757
710712
700309
701379
710618
300240
600137
701881
710368
710593
701263
701741
703303
800011
702251
701911
710162
400636
600187
100374
300277
702226
300235
100026
711350
702015
600130
800302
200068
800950
100870
800562
701529
710226
900920
711150
700875
800283
800613
701344
700104
800507
700148
700927
711096
800221
100677
200903
100204
500705
701839
100799
500004
801114
800139
300528
800073
300980
700208
500080
500039
700563
500042
100467
100446
100894
504037
700750
600837
500963
201503
101007
700141
100557
100318
710386
700596
500662
701031
500120
200090
600221
703448
701929
710880
700697
300701
800541
504038
200156
100707
500090
100892
100893
701041
710675
121001
600053
710528
500801
600656
710077
800946
710842
901002
800208
600571
701863
600741
800981
700317
701186
301022
700439
700323
701185
701792
201809
100999
800188
600857
701735
701302
100969
100427
701199
300380
100713
700327
300208
700281
711329
300333
500657
800320
800662
300566
600651
711070
100080
900913
300590
200194
701427
100810
700460
800997
500103
500175
400022
701013
710202
200052
500293
300126
600420
701512
300523
800448
300447
800336
600853
100122
500097
200501
600425
400036
100961
701590
300477
711375
711276
999999
100471
300693
200500
100465
702419
300271
710969
300869
600034
800362
300092
800308
700852
800335
300697
300429
700451
500216
300407
710804
500693
100306
710176
701027
711236
702040
400033
710558
710443
701007
701785
710427
710840
200896
701216
700420
702227
800668
800042
710972
710288
100056
700300
800192
800055
701124
500359
700307
100013
300397
701949
710556
800966
700511
701125
701051
400040
701040
800438
300110
600756
800152
701362
711012
300852
800639
500759
702102
700983
800029
710568
300525
710123
711023
710991
300143
703172
900658
710544
710286
300214
200413
100288
700524
100362
711251
300206
702060
700704
700724
701304
710613
710673
900963
711199
710965
700265
800191
701842
701980
710365
300708
710192
710778
700919
711308
701431
710682
701217
710859
500130
800182
201589
702253
800047
700189
300209
700858
700967
701994
710964
710569
800190
710534
711314
200009
700194
700796
900903
701166
901004
701755
710647
702016
800929
800926
200142
300564
800167
200081
500084
100259
800149
800531
700035
700139
710395
701813
301019
711228
900890
200141
710707
800086
702156
800913
600723
700821
700310
600537
100532
700291
600858
201258
701374
600203
700985
700624
300467
600511
710218
701634
100866
100500
100865
100829
500140
700402
300244
500191
701620
800272
600211
600159
600087
800120
800588
700477
200606
300643
700414
710011
600047
500046
500010
701012
800303
900900
700513
711340
700722
301025
700574
300184
600027
600662
100445
200770
600539
600212
100452
710931
600491
500092
300012
600427
900833
100686
600576
701326
200187
700557
400908
100353
800961
100609
701417
701912
700763
700195
711200
300444
700470
701668
900984
100754
100741
710392
600074
701679
701549
300706
700674
100571
700162
300582
301110
800368
900612
800141
300093
710533
300797
700984
700325
700604
800322
700849
800369
600423
300301
701360
100908
100966
100462
600231
700823
501002
200002
300084
500111
710287
710845
800099
900123
710051
900052
700411
504201
500095
300542
701209
100929
800414
701643
400038
100834
400718
300095
100553
600515
300728
701226
600445
100589
300258
100071
900333
300181
500151
710189
500093
710348
100280
300076
300352
400125
100956
200508
200507
100925
600163
710096
701903
300106
711117
800146
700706
700937
800066
700017
710341
400631
710462
100184
700656
800367
710124
710447
710611
300610
600045
201110
701596
200979
300075
900043
700152
300168
700653
800891
701100
700679
710110
701947
700648
700933
700885
800976
100175
123000
700247
710200
200184
710531
701154
702169
701998
711085
800009
100751
300461
600446
600030
100818
300074
600490
100310
504014
710602
500129
300637
400015
100770
710525
300282
300185
710244
710889
500609
710560
710603
700319
710683
710472
200175
300019
100407
700542
800232
700719
710733
600127
800719
300889
100742
100685
100349
100158
711353
703276
800522
200132
600020
710906
701303
800363
800342
702136
800425
710689
700520
710730
701265
600424
800179
711222
701924
702131
800407
711134
100321
300167
702223
900038
710420
700503
711269
600619
200195
710057
701723
300491
100798
700895
100433
702057
600220
900726
100905
702265
800044
701691
700474
300997
600229
711125
702299
701193
700275
710239
300175
500275
